1 -0.6733543 -0.4438263 -0.4043242 0.9945839 -0.2293689 -0.4043242 0.007415357 0.7765912 0.1778086 0 0.0007893427 0
1 -0.7554106 -0.5743354 -0.2970159 0.8888269 -0.3648389 -0.2970159 -0.02402327 0.9364544 0.3971233 0 0.005773915 0
1 -0.8268519 -0.5175096 -0.09160867 0.9677973 -0.3096849 -0.09160867 0.03006226 0.9130462 0.4486716 0 -0.005929353 0
1 -0.7703797 -0.4985198 -0.1669604 1.01527 -0.2837832 -0.1669604 0.01443339 0.9038811 0.275307 0 -0.001540106 0
1 -0.7215471 -0.4679987 -0.259553 1.039716 -0.2554796 -0.259553 -0.004665597 0.8671702 0.2301687 0 -0.01280151 0
1 -0.8132845 -0.5684797 -0.02235615 0.9352662 -0.3738831 -0.02235615 0.0008189113 0.9146504 0.3347746 0 -0.01065503 0
1 -0.7622907 -0.5405357 -0.1667676 0.9985884 -0.2812171 -0.1667676 0.004264693 0.8485091 0.2140437 0 -0.005053778 0
1 -0.8123716 -0.5485148 -0.03111351 0.9607627 -0.3390093 -0.03111351 0.008550154 0.9426991 0.3173391 0 0.02137236 0
1 -0.7389322 -0.5114437 -0.2399583 1.01397 -0.2426262 -0.2399583 -0.002417288 0.8562931 0.2315102 0 -0.002134192 0
1 -0.8136805 -0.557359 -0.04256859 0.9501907 -0.3480181 -0.04256859 0.006842166 0.9097194 0.381966 0 -0.007086206 0
0 -0.7892263 -0.7498276 0.02840301 0.7300218 -0.5442224 0.02840301 0.1546929 -0.4299902 0.6242893 0 -0.6173773 0
0 -0.6692867 -0.7210138 -0.03776051 0.8539526 -0.5482594 -0.03776051 0.0464956 0.4169522 0.5764697 0 -0.3577724 0
0 -0.6670328 -0.7027158 -0.06894231 0.8734615 -0.5389433 -0.06894231 0.05889687 0.4209859 0.6070873 0 -0.3513517 0
0 -0.6282285 -0.7655529 -0.07054686 0.7964571 -0.6124237 -0.07054686 0.0462333 0.3116149 0.5424135 0 -0.4228101 0
0 -0.7449099 -0.6093769 -0.1682553 0.8986683 -0.4589139 -0.1682553 0.07818934 0.5444074 0.6286739 0 -0.2578404 0
0 -0.5983933 -0.8149792 -0.03141982 0.7396799 -0.6549053 -0.03141982 0.03365267 0.1009627 0.5144294 0 -0.6371915 0
0 -0.68616 -0.6563053 -0.1066024 0.9012514 -0.5171383 -0.1066024 0.07881567 0.4509006 0.6459509 0 -0.3203823 0
0 -0.6367393 -0.7955384 -0.062371 0.7562114 -0.6188038 -0.062371 -0.04224399 0.09302209 0.5051867 0 -0.5341806 0
0 -0.631393 -0.6390831 -0.1469408 0.9213839 -0.5629124 -0.1469408 0.1560904 0.3839223 0.6155768 0 -0.3489984 0
0 -0.7115894 -0.7242411 0.007526032 0.7991263 -0.5752135 0.007526032 -0.03652237 0.7164144 0.2498986 0 -0.2279846 0
0 -0.6807515 -0.7600668 -0.2091627 0.7377687 -0.5749188 -0.2091627 -0.02798117 0.5597305 -0.01688493 0 -0.2518196 0
0 -0.6079887 -0.8389685 0.1446122 0.6446909 -0.6879606 0.1446122 -0.08761874 0.5376959 0.08650734 0 -0.3111128 0
0 -0.6804118 -0.7596003 0.04956374 0.7503623 -0.6268741 0.04956374 -0.01637782 0.6546909 0.218371 0 -0.2629134 0
0 -0.6621497 -0.7979498 0.05959029 0.7040849 -0.6519036 0.05959029 -0.009511074 0.5700322 0.1544064 0 -0.2938928 0
0 -0.7124798 -0.7258489 0.03421779 0.7924894 -0.5794474 0.03421779 -0.01494444 0.7418959 0.2342403 0 -0.2177975 0
0 -0.6444609 -0.8245881 0.00873955 0.7581359 -0.5780511 0.00873955 -0.1819065 0.6538998 0.231458 0 -0.2683564 0
0 -0.64802 -0.7162642 -0.001850672 0.7556733 -0.7059123 -0.001850672 0.1536513 0.5086185 0.2796205 0 -0.3110652 0
0 -0.6382236 -0.809034 -0.1209505 0.8485033 -0.4378784 -0.1209505 -0.1472293 0.418146 0.526994 0 -0.334432 0
0 -0.7036021 -0.5651935 -0.07390217 0.8929096 -0.6286047 -0.07390217 0.2578558 0.6228848 0.5055794 0 -0.2163568 0
1 -0.7980669 -0.5901492 -0.09495812 0.8385014 -0.5419515 -0.09495812 0.05184182 0.9179397 0.1651673 0 -0.002636189 0
1 -0.7885994 -0.5902789 0.1022941 0.8244179 -0.5738251 0.1022941 0.0404162 0.9391133 0.246251 0 0.000600066 0
1 -0.7295704 -0.5300583 0.05856822 0.9176879 -0.596911 0.05856822 0.08879548 0.8891738 0.1129824 0 0.004281408 0
1 -0.794969 -0.5988569 0.07859702 0.8264824 -0.5603318 0.07859702 0.01138832 0.9438468 0.2935615 0 -0.0009463212 0
1 -0.6937652 -0.5553782 0.003805849 0.9117225 -0.6354195 0.003805849 0.08839505 0.8794551 0.1044977 0 -0.007824373 0
1 -0.7765651 -0.530776 -0.1266944 0.882283 -0.556664 -0.1266944 0.1129573 0.8612202 0.2136692 0 0.006448732 0
1 -0.8085445 -0.5829744 -0.06336278 0.9010957 -0.4317365 -0.06336278 -0.02489443 0.8487617 0.4235032 0 0.001725068 0
1 -0.8140149 -0.5481868 0.09325305 0.8088382 -0.6047002 0.09325305 0.0522548 0.9280393 0.3746564 0 0.0006972487 0
1 -0.7347645 -0.6149278 -0.0992882 0.8479664 -0.5881506 -0.0992882 0.06528266 0.8067561 0.2214294 0 -0.07725111 0
1 -0.7684786 -0.4671125 -0.1192972 0.9788886 -0.4709449 -0.1192972 0.1184196 1.01023 0.204105 0 0.1098575 0
0 -0.6307039 -0.7158006 0.1603972 0.8190457 -0.6080098 0.1603972 0.04930498 0.7678158 0.2605079 0 -0.1476329 0
0 -0.6260381 -0.7423485 0.08621064 0.8237256 -0.6040415 0.08621064 0.02461548 0.7443094 0.1826288 0 -0.1412538 0
0 -0.5447267 -0.831421 -0.1408461 0.7445045 -0.6465913 -0.1408461 0.05708862 0.4502766 0.0585476 0 -0.3176413 0
0 -0.5523099 -0.815074 -0.003562158 0.490422 -0.8891256 -0.003562158 -0.2044205 0.004619098 0.2704623 0 -0.666003 0
0 -0.7433275 -0.7238284 -0.09172048 0.2737442 -0.9139103 -0.09172048 -0.3406665 -0.03087478 0.105298 0 -0.4934101 0
0 -0.7553613 -0.6360464 0.1363316 0.697825 -0.7076452 0.1363316 0.1181918 0.6929702 0.2521721 0 -0.1609342 0
0 -0.7447903 -0.7147041 0.06800326 0.6801684 -0.6818977 0.06800326 0.03569153 0.5744395 0.2909423 0 -0.2575743 0
0 -0.6639024 -0.7200449 -0.02201618 0.6168243 -0.8124995 -0.02201618 0.05643374 0.1826999 0.3633663 0 -0.5859559 0
0 -0.7135213 -0.6512876 0.08189844 0.7130734 -0.7393781 0.08189844 0.1921418 0.7064587 0.2636328 0 -0.1487751 0
0 -0.5585573 -0.6667508 -0.1629746 0.7239864 -0.8322625 -0.1629746 0.2317186 0.310656 0.3153537 0 -0.4147547 0
0 -0.6615148 -0.7084013 -0.008564251 0.7908697 -0.6609322 -0.008564251 0.09279123 0.6570248 -0.0400933 0 -0.1963901 0
0 -0.5456473 -0.8200901 0.04459902 0.6645072 -0.7645673 0.04459902 0.1210911 0.2884288 0.08911745 0 -0.4057316 0
0 -0.6400682 -0.737257 0.1647934 0.7477506 -0.6584179 0.1647934 0.05397438 0.5837247 0.1242509 0 -0.2361848 0
0 -0.6869525 -0.5813836 -0.1698795 0.7356254 -0.7780688 -0.1698795 0.1188201 0.4032536 0.258644 0 -0.2661044 0
0 -0.5158837 -0.7912045 0.2156155 0.5195795 -0.8642104 0.2156155 0.1665086 0.2219164 0.1087593 0 -0.4384885 0
0 -0.6023353 -0.7560396 -0.09999228 0.751579 -0.6944914 -0.09999228 0.06830727 0.3152458 0.340582 0 -0.43708 0
0 -0.6226359 -0.6933455 -0.2235684 0.729525 -0.7091528 -0.2235684 0.09535047 0.4073772 0.3134475 0 -0.3953423 0
0 -0.6044655 -0.70017 -0.2413724 0.7823135 -0.6478621 -0.2413724 0.09805987 0.5535076 0.2270881 0 -0.2842931 0
0 -0.5945047 -0.672354 -0.2284967 0.7848738 -0.6963986 -0.2284967 0.1860472 0.3603272 0.3078443 0 -0.3723807 0
0 -0.6262632 -0.6618273 -0.1490411 0.8041872 -0.7002923 -0.1490411 0.04101188 0.4000362 0.4301136 0 -0.3762613 0